0, 0
0, 0
0, 0
0, 0
0, 0
0, 0
0, 0
0, 0
0, 0
0, 0
0, 0
0, 0
0, 0
0, 0
0, 0
0, 0
0, 0
0, 0
0, 0
0, 0
0, 0
0, 0
0, 0
0, 0
0, 0
0, 0
0, 0
0, 0
0, 0
0, 0
0, 0
0, 0
0, 0
0, 0
0, 0
0, 0
0, 0
296, 14
283, 61
280, 71
272, 98
268, 110
264, 124
263, 127
261, 130
261, 131
261, 132
261, 132
259, 133
257, 135
252, 142
247, 146
235, 158
228, 164
221, 172
203, 187
188, 199
180, 207
158, 227
150, 235
142, 244
127, 266
120, 278
110, 297
110, 297
110, 297
110, 297
110, 297
110, 297
110, 297
110, 297
110, 297
110, 297
110, 297
110, 297
110, 297
110, 297
110, 297
110, 297
110, 297
110, 297
110, 297
110, 300
115, 307
119, 312
123, 318
138, 335
161, 357
167, 362
187, 380
195, 385
203, 391
220, 399
227, 402
239, 407
245, 408
263, 411
272, 412
291, 413
300, 414
320, 414
325, 414
345, 411
360, 407
373, 402
381, 398
389, 395
402, 388
415, 380
420, 376
432, 368
437, 363
443, 357
452, 346
457, 341
466, 331
470, 327
478, 318
481, 314
488, 306
491, 302
499, 293
502, 288
509, 276
511, 270
516, 258
516, 253
517, 241
514, 236
494, 218
489, 214
466, 202
454, 196
441, 192
424, 190
414, 189
405, 189
400, 189
397, 189
388, 192
379, 200
373, 205
363, 215
360, 218
353, 226
352, 229
350, 233
350, 234
350, 240
351, 244
355, 253
357, 258
364, 275
369, 283
379, 301
387, 312
418, 349
435, 367
463, 388
482, 399
517, 412
517, 412
517, 412
517, 412
517, 412
517, 412
517, 412
517, 412
517, 412
517, 412
517, 412
517, 412
517, 412
517, 412
517, 412
517, 412
517, 412
517, 412
517, 412
521, 416
524, 420
524, 420
530, 433
537, 453
538, 458
541, 477
542, 484
542, 498
539, 503
533, 512
520, 522
510, 528
486, 540
474, 545
447, 554
432, 557
415, 559
411, 559
396, 560
380, 560
374, 557
370, 554
364, 549
361, 545
358, 542
357, 541
355, 539
355, 538
355, 535
355, 533
358, 531
370, 521
401, 504
409, 501
440, 492
453, 490
459, 490
478, 489
494, 489
500, 490
511, 494
516, 496
520, 498
530, 502
535, 505
552, 511
556, 512
571, 515
576, 515
591, 516
598, 516
614, 513
625, 508
660, 484
676, 470
698, 447
704, 440
722, 418
727, 410
731, 396
732, 390
731, 380
726, 370
706, 334
701, 327
675, 281
662, 258
656, 248
641, 230
632, 222
618, 211
615, 210
603, 206
602, 206
597, 206
595, 207
591, 213
589, 216
585, 227
584, 233
580, 255
580, 265
580, 288
584, 300
592, 318
601, 338
610, 352
615, 360
626, 374
631, 380
635, 385
641, 395
645, 407
647, 413
648, 423
648, 429
647, 437
642, 447
638, 453
633, 459
628, 465
619, 469
607, 471
602, 472
586, 472
565, 469
549, 465
524, 455
518, 452
505, 445
499, 441
493, 436
492, 435
490, 428
490, 425
490, 420
492, 414
494, 411
501, 403
512, 399
520, 399
530, 399
560, 399
576, 399
607, 402
614, 403
638, 406
642, 406
653, 407
656, 408
660, 408
661, 408
661, 409
661, 409
661, 409
661, 409
661, 409
661, 409
661, 409
661, 409
661, 409
661, 409
661, 409
661, 409
661, 409
661, 409
661, 409
661, 409
661, 409
661, 409
661, 409
661, 409
661, 409
661, 409
661, 409
665, 404
670, 397
684, 376
698, 352
730, 294
736, 282
743, 268
748, 258
753, 245
754, 242
754, 237
754, 235
752, 232
751, 231
750, 230
747, 227
743, 223
741, 221
735, 215
730, 211
723, 205
703, 191
691, 184
664, 169
651, 163
624, 154
609, 150
591, 148
571, 146
551, 146
546, 146
527, 145
520, 144
510, 144
505, 144
490, 144
484, 144
461, 144
448, 144
415, 144
398, 144
362, 144
330, 144
319, 145
284, 150
278, 151
262, 154
262, 154
262, 154
262, 154
262, 154
262, 154
262, 154
262, 154
262, 154
262, 154
262, 154
262, 154
262, 154
262, 154
262, 154
262, 154
262, 154
262, 154
262, 154
262, 154
262, 154
262, 154
262, 154
262, 154
262, 154
262, 154
262, 154
262, 154
262, 154
262, 154
262, 154
262, 154
262, 154
262, 154
262, 154
262, 156
261, 161
257, 172
255, 180
251, 192
249, 200
246, 223
246, 233
246, 261
246, 277
249, 302
250, 316
252, 340
253, 359
253, 383
253, 396
252, 413
251, 416
245, 442
242, 449
235, 463
231, 470
231, 470
231, 470
231, 470
231, 470
231, 470
231, 470
231, 470
231, 470
231, 470
231, 470
231, 470
231, 470
231, 470
231, 470
231, 470
231, 470
231, 470
231, 470
231, 470
231, 470
231, 470
231, 471
231, 474
231, 482
232, 485
233, 488
235, 494
236, 497
239, 502
242, 504
246, 505
249, 506
256, 506
260, 506
267, 506
271, 506
275, 505
277, 505
279, 504
279, 504
280, 503
280, 503
280, 503
280, 503
280, 503
280, 503
280, 503
280, 503
280, 503
280, 503
280, 503
280, 503
280, 503
280, 503
281, 502
284, 501
285, 500
288, 499
290, 497
295, 495
298, 494
307, 490
311, 488
321, 484
330, 480
340, 475
346, 472
358, 464
363, 461
373, 454
378, 450
388, 442
393, 438
402, 430
406, 425
410, 420
424, 407
438, 395
443, 391
458, 379
466, 373
473, 368
485, 358
490, 355
494, 352
497, 350
500, 347
501, 347
503, 346
503, 346
503, 346
503, 346
503, 346
503, 346
503, 346
503, 346
503, 346
503, 346
503, 346
503, 346
503, 346
503, 346
503, 346
503, 346
503, 346
503, 346
503, 346
503, 346
503, 346
503, 346
503, 346
503, 346
503, 346
503, 346
503, 346
503, 346
503, 346
503, 346
503, 346
503, 346
503, 346
503, 346
503, 346
503, 346
503, 346
503, 346
503, 346
503, 346
503, 346
503, 346
503, 346
503, 346
503, 346
503, 346
503, 346
503, 346
503, 346
503, 346
503, 346
503, 346
503, 346
503, 346
503, 346
503, 346
503, 346
503, 346
503, 346
503, 346
503, 346
503, 346
503, 346
503, 346
503, 346
503, 346
503, 346
503, 346
503, 346
503, 346
503, 346
503, 346
503, 346
503, 346
503, 346
503, 346
503, 346
503, 346
503, 346
503, 346
503, 346
503, 346
503, 346
503, 346
503, 346
503, 346
503, 346
503, 346
503, 346
503, 346
503, 346
503, 346
503, 346
503, 346
503, 346
503, 346
503, 346
503, 346
503, 346
503, 346
503, 346
503, 346
503, 346
503, 346
503, 346
503, 346
503, 346
503, 346
503, 346
503, 346
503, 346
503, 346
503, 346
503, 346
503, 346
503, 346
503, 346
503, 346
503, 346
503, 346
503, 346
503, 346
503, 346
503, 346
503, 346
503, 346
503, 346
503, 346
503, 346
503, 346
503, 346
503, 346
503, 346
503, 346
503, 346
503, 346
503, 346
503, 346
503, 346
503, 346
503, 346
503, 346
503, 346
503, 346
503, 346
503, 346
503, 346
503, 346
503, 346
503, 346
503, 346
503, 346
503, 346
503, 346
503, 346
503, 346
503, 346
503, 346
503, 346
503, 346
503, 346
503, 346
503, 346
503, 346
503, 346
503, 346
503, 346
503, 346
503, 346
503, 346
503, 346
503, 346
503, 346
503, 346
503, 346
503, 346
503, 346
503, 346
503, 346
503, 346
503, 346
